9
1 2
2 3
3 4
4 5
2 6
2 7
3 8
3 9

8

7
1 2
1 3
2 4
2 5
3 6
3 7

-1

15
8 5
2 9
1 12
6 11
9 3
15 1
7 12
7 13
10 5
6 9
5 1
1 9
4 5
6 14

11

22
1 2
2 3
2 4
2 5
5 6
5 7
5 8
8 9
9 10
9 11
9 12
12 13
12 14
12 15
15 16
15 17
15 18
12 19
19 20
19 21
19 22

14

8
1 2
2 3
3 4
4 5
5 6
5 7
5 8

5

15
1 2
2 3
3 4
3 5
3 6
2 7
7 8
7 9
7 10
2 11
11 12
11 13
11 14
14 15

14

25
1 2
2 3
2 4
2 5
5 6
6 7
6 8
6 9
5 10
10 11
10 12
10 13
5 14
14 15
14 16
14 17
5 18
18 19
18 20
18 21
21 22
22 23
23 24
24 25

17

21
1 2
2 3
2 4
2 5
1 6
6 7
6 8
6 9
1 10
10 11
10 12
10 13
1 14
14 15
14 16
14 17
1 18
18 19
18 20
18 21

17

11
1 2
2 3
2 4
1 5
5 6
5 7
1 8
8 9
8 10
11 1

5

18
1 2
2 3
3 4
3 5
3 6
2 7
7 8
7 9
7 10
2 11
11 12
11 13
11 14
2 15
15 16
15 17
15 18

17

14
1 2
2 3
2 4
2 5
5 6
5 7
5 8
8 9
8 10
8 11
11 12
11 13
11 14

14

8
1 2
2 3
2 4
2 5
5 6
5 7
5 8

8

14
1 2
2 3
2 4
2 11
4 5
4 6
4 7
2 8
8 9
8 10
11 12
11 13
11 14

11

5
1 2
1 3
1 4
1 5

5
